RUNNING THE L-BFGS-B CODE

it    = iteration number
nf    = number of function evaluations
nseg  = number of segments explored during the Cauchy search
nact  = number of active bounds at the generalized Cauchy point
sub   = manner in which the subspace minimization terminated:
        con = converged, bnd = a bound was reached
itls  = number of iterations performed in the line search
stepl = step length used
tstep = norm of the displacement (total step)
projg = norm of the projected gradient
f     = function value

           * * *

Machine precision = 2.220D-16
 N =      1875000     M =           10

   it   nf  nseg  nact  sub  itls  stepl    tstep     projg        f
    0    1     -     -   -     -     -        -     3.706D+00  2.610D+04
    1    2     1     0  ---    0  2.0D-03  1.0D+00  3.307D+00  2.583D+04
    2    3     0     0  con    0  1.0D+00  7.9D-01  3.209D+00  2.568D+04
    3    4     0     0  con    0  1.0D+00  8.2D-01  2.766D+00  2.555D+04
    4    5     0     0  con    0  1.0D+00  7.5D-01  3.641D+00  2.543D+04
    5    6     0     0  con    0  1.0D+00  6.0D-01  2.656D+00  2.533D+04
    6    7     0     0  con    0  1.0D+00  7.0D-01  3.600D+00  2.523D+04
    7    8     0     0  con    0  1.0D+00  6.5D-01  2.914D+00  2.515D+04
    8    9     0     0  con    0  1.0D+00  6.9D-01  2.820D+00  2.507D+04
    9   10     0     0  con    0  1.0D+00  8.1D-01  3.325D+00  2.499D+04
   10   11     0     0  con    0  1.0D+00  7.4D-01  3.737D+00  2.492D+04
   11   12     0     0  con    0  1.0D+00  7.8D-01  3.278D+00  2.485D+04
   12   13     0     0  con    0  1.0D+00  6.6D-01  3.532D+00  2.478D+04
   13   14     0     0  con    0  1.0D+00  7.2D-01  3.247D+00  2.471D+04
   14   15     0     0  con    0  1.0D+00  7.1D-01  3.896D+00  2.465D+04
   15   16     0     0  con    0  1.0D+00  8.7D-01  3.896D+00  2.458D+04
   16   17     0     0  con    0  1.0D+00  8.9D-01  3.778D+00  2.452D+04
   17   18     0     0  con    0  1.0D+00  7.7D-01  3.481D+00  2.446D+04
   18   19     0     0  con    0  1.0D+00  7.7D-01  3.797D+00  2.440D+04
   19   20     0     0  con    0  1.0D+00  8.6D-01  4.814D+00  2.435D+04
   20   21     0     0  con    0  1.0D+00  6.7D-01  4.761D+00  2.429D+04
   21   22     0     0  con    0  1.0D+00  9.2D-01  3.699D+00  2.424D+04
   22   23     0     0  con    0  1.0D+00  8.4D-01  3.821D+00  2.419D+04
   23   24     0     0  con    0  1.0D+00  8.3D-01  3.309D+00  2.413D+04
   24   25     0     0  con    0  1.0D+00  1.1D+00  4.946D+00  2.408D+04
   25   26     0     0  con    0  1.0D+00  6.6D-01  4.088D+00  2.404D+04
   26   27     0     0  con    0  1.0D+00  5.9D-01  3.588D+00  2.399D+04
   27   28     0     0  con    0  1.0D+00  8.7D-01  4.489D+00  2.394D+04
   28   29     0     0  con    0  1.0D+00  9.4D-01  4.872D+00  2.389D+04
   29   30     0     0  con    0  1.0D+00  8.8D-01  4.737D+00  2.385D+04
   30   31     0     0  con    0  1.0D+00  1.1D+00  4.869D+00  2.380D+04
   31   32     0     0  con    0  1.0D+00  7.6D-01  4.000D+00  2.376D+04
   32   33     0     0  con    0  1.0D+00  5.9D-01  3.592D+00  2.372D+04
   33   34     0     0  con    0  1.0D+00  1.0D+00  3.654D+00  2.367D+04
   34   35     0     0  con    0  1.0D+00  7.2D-01  3.759D+00  2.363D+04
   35   36     0     0  con    0  1.0D+00  5.7D-01  3.840D+00  2.359D+04
   36   37     0     0  con    0  1.0D+00  9.8D-01  3.655D+00  2.354D+04
   37   38     0     0  con    0  1.0D+00  9.9D-01  5.280D+00  2.350D+04
   38   39     0     0  con    0  1.0D+00  7.5D-01  3.643D+00  2.346D+04
   39   40     0     0  con    0  1.0D+00  9.3D-01  4.821D+00  2.343D+04
   40   41     0     0  con    0  1.0D+00  7.2D-01  4.377D+00  2.339D+04
   41   42     0     0  con    0  1.0D+00  5.8D-01  3.547D+00  2.336D+04
   42   43     0     0  con    0  1.0D+00  1.1D+00  3.740D+00  2.332D+04
   43   44     0     0  con    0  1.0D+00  8.8D-01  3.862D+00  2.328D+04
   44   45     0     0  con    0  1.0D+00  5.4D-01  3.748D+00  2.325D+04
   45   46     0     0  con    0  1.0D+00  1.1D+00  4.040D+00  2.321D+04
   46   47     0     0  con    0  1.0D+00  7.4D-01  4.508D+00  2.318D+04
   47   48     0     0  con    0  1.0D+00  5.4D-01  3.713D+00  2.315D+04
   48   49     0     0  con    0  1.0D+00  1.1D+00  4.342D+00  2.311D+04
   49   50     0     0  con    0  1.0D+00  7.8D-01  4.422D+00  2.308D+04
   50   51     0     0  con    0  1.0D+00  5.9D-01  4.040D+00  2.305D+04
   51   52     0     0  con    0  1.0D+00  1.0D+00  4.611D+00  2.302D+04
   52   53     0     0  con    0  1.0D+00  7.0D-01  4.660D+00  2.299D+04
   53   54     0     0  con    0  1.0D+00  5.1D-01  4.852D+00  2.296D+04
   54   55     0     0  con    0  1.0D+00  9.3D-01  3.990D+00  2.293D+04
   55   56     0     0  con    0  1.0D+00  7.9D-01  4.630D+00  2.290D+04
   56   57     0     0  con    0  1.0D+00  4.7D-01  3.270D+00  2.288D+04
   57   58     0     0  con    0  1.0D+00  9.3D-01  4.838D+00  2.284D+04
   58   59     0     0  con    0  1.0D+00  7.6D-01  5.206D+00  2.282D+04
   59   60     0     0  con    0  1.0D+00  5.2D-01  5.140D+00  2.279D+04
   60   61     0     0  con    0  1.0D+00  1.1D+00  4.404D+00  2.276D+04
   61   62     0     0  con    0  1.0D+00  8.3D-01  5.282D+00  2.274D+04
   62   63     0     0  con    0  1.0D+00  2.6D-01  4.470D+00  2.272D+04
   63   64     0     0  con    0  1.0D+00  7.6D-01  5.690D+00  2.268D+04
   64   65     0     0  con    0  1.0D+00  6.4D-01  4.847D+00  2.266D+04
   65   66     0     0  con    0  1.0D+00  8.0D-01  4.717D+00  2.264D+04
   66   67     0     0  con    0  1.0D+00  1.0D+00  4.085D+00  2.261D+04
   67   68     0     0  con    0  1.0D+00  1.1D+00  3.956D+00  2.259D+04
   68   69     0     0  con    0  1.0D+00  6.3D-01  3.844D+00  2.256D+04
   69   70     0     0  con    0  1.0D+00  4.8D-01  3.911D+00  2.254D+04
   70   71     0     0  con    0  1.0D+00  5.5D-01  4.445D+00  2.252D+04
   71   72     0     0  con    0  1.0D+00  6.5D-01  3.233D+00  2.249D+04
   72   73     0     0  con    0  1.0D+00  9.7D-01  3.434D+00  2.247D+04
   73   74     0     0  con    0  1.0D+00  1.0D+00  5.397D+00  2.245D+04
   74   75     0     0  con    0  1.0D+00  8.2D-01  3.454D+00  2.243D+04
   75   76     0     0  con    0  1.0D+00  9.4D-01  4.618D+00  2.240D+04
   76   77     0     0  con    0  1.0D+00  7.0D-01  4.813D+00  2.238D+04
   77   78     0     0  con    0  1.0D+00  5.3D-01  4.835D+00  2.236D+04
   78   79     0     0  con    0  1.0D+00  9.6D-01  4.116D+00  2.234D+04
   79   80     0     0  con    0  1.0D+00  6.3D-01  3.174D+00  2.232D+04
   80   81     0     0  con    0  1.0D+00  5.2D-01  3.734D+00  2.230D+04
   81   82     0     0  con    0  1.0D+00  9.6D-01  3.651D+00  2.227D+04
   82   83     0     0  con    0  1.0D+00  6.5D-01  4.013D+00  2.226D+04
   83   84     0     0  con    0  1.0D+00  3.9D-01  4.083D+00  2.224D+04
   84   85     0     0  con    0  1.0D+00  7.1D-01  3.594D+00  2.221D+04
   85   86     0     0  con    0  1.0D+00  5.6D-01  3.688D+00  2.220D+04
   86   87     0     0  con    0  1.0D+00  3.8D-01  4.160D+00  2.218D+04
   87   88     0     0  con    0  1.0D+00  6.9D-01  4.043D+00  2.216D+04
   88   89     0     0  con    0  1.0D+00  6.3D-01  6.031D+00  2.214D+04
   89   90     0     0  con    0  1.0D+00  3.7D-01  5.142D+00  2.212D+04
   90   91     0     0  con    0  1.0D+00  9.0D-01  4.922D+00  2.210D+04
   91   92     0     0  con    0  1.0D+00  4.8D-01  4.926D+00  2.208D+04
   92   93     0     0  con    0  1.0D+00  2.8D-01  4.202D+00  2.207D+04
   93   94     0     0  con    0  1.0D+00  5.9D-01  3.236D+00  2.205D+04
   94   95     0     0  con    0  1.0D+00  6.5D-01  4.878D+00  2.203D+04
   95   96     0     0  con    0  1.0D+00  5.4D-01  4.120D+00  2.202D+04
   96   97     0     0  con    0  1.0D+00  8.4D-01  3.246D+00  2.200D+04
   97   98     0     0  con    0  1.0D+00  6.4D-01  4.780D+00  2.198D+04
   98   99     0     0  con    0  1.0D+00  3.1D-01  3.318D+00  2.197D+04
   99  100     0     0  con    0  1.0D+00  8.3D-01  3.651D+00  2.195D+04
  100  101     0     0  con    0  1.0D+00  6.2D-01  3.975D+00  2.193D+04
  101  102     0     0  con    0  1.0D+00  4.9D-01  4.626D+00  2.192D+04
  102  103     0     0  con    0  1.0D+00  1.1D+00  3.347D+00  2.190D+04
  103  104     0     0  con    0  1.0D+00  8.1D-01  4.471D+00  2.188D+04
  104  105     0     0  con    0  1.0D+00  2.4D-01  4.546D+00  2.187D+04
  105  106     0     0  con    0  1.0D+00  4.8D-01  3.269D+00  2.185D+04
  106  107     0     0  con    0  1.0D+00  5.7D-01  5.907D+00  2.184D+04
  107  108     0     0  con    0  1.0D+00  5.8D-01  4.245D+00  2.182D+04
  108  109     0     0  con    0  1.0D+00  1.0D+00  4.308D+00  2.181D+04
  109  110     0     0  con    0  1.0D+00  6.4D-01  3.871D+00  2.179D+04
  110  111     0     0  con    0  1.0D+00  4.1D-01  2.765D+00  2.178D+04
  111  112     0     0  con    0  1.0D+00  7.8D-01  5.289D+00  2.176D+04
  112  113     0     0  con    0  1.0D+00  4.9D-01  4.394D+00  2.175D+04
  113  114     0     0  con    0  1.0D+00  3.0D-01  4.856D+00  2.173D+04
  114  115     0     0  con    0  1.0D+00  8.2D-01  3.451D+00  2.172D+04
  115  116     0     0  con    0  1.0D+00  7.8D-01  4.983D+00  2.170D+04
  116  117     0     0  con    0  1.0D+00  3.5D-01  4.306D+00  2.169D+04
  117  118     0     0  con    0  1.0D+00  8.6D-01  4.645D+00  2.168D+04
  118  119     0     0  con    0  1.0D+00  3.9D-01  4.756D+00  2.166D+04
  119  120     0     0  con    0  1.0D+00  4.9D-01  4.439D+00  2.165D+04
  120  121     0     0  con    0  1.0D+00  7.7D-01  4.035D+00  2.164D+04
  121  122     0     0  con    0  1.0D+00  7.9D-01  5.270D+00  2.162D+04
  122  123     0     0  con    0  1.0D+00  2.6D-01  3.333D+00  2.161D+04
  123  124     0     0  con    0  1.0D+00  3.7D-01  4.510D+00  2.159D+04
  124  125     0     0  con    0  1.0D+00  5.0D-01  4.500D+00  2.158D+04
  125  126     0     0  con    0  1.0D+00  7.0D-01  4.386D+00  2.157D+04
  126  127     0     0  con    0  1.0D+00  1.1D+00  4.287D+00  2.155D+04
  127  128     0     0  con    0  1.0D+00  6.1D-01  4.033D+00  2.154D+04
  128  129     0     0  con    0  1.0D+00  5.7D-01  2.689D+00  2.153D+04
  129  130     0     0  con    0  1.0D+00  9.6D-01  4.311D+00  2.151D+04
  130  131     0     0  con    0  1.0D+00  6.4D-01  4.237D+00  2.150D+04
  131  132     0     0  con    0  1.0D+00  3.7D-01  3.266D+00  2.149D+04
  132  133     0     0  con    0  1.0D+00  8.0D-01  3.646D+00  2.147D+04
  133  134     0     0  con    0  1.0D+00  6.5D-01  5.619D+00  2.146D+04
  134  135     0     0  con    0  1.0D+00  4.4D-01  4.811D+00  2.145D+04
  135  136     0     0  con    0  1.0D+00  1.1D+00  4.869D+00  2.143D+04
  136  137     0     0  con    0  1.0D+00  4.9D-01  3.712D+00  2.142D+04
  137  138     0     0  con    0  1.0D+00  2.5D-01  4.140D+00  2.141D+04
  138  139     0     0  con    0  1.0D+00  6.7D-01  3.539D+00  2.140D+04
  139  140     0     0  con    0  1.0D+00  4.9D-01  5.132D+00  2.139D+04
  140  141     0     0  con    0  1.0D+00  2.4D-01  5.040D+00  2.138D+04
  141  142     0     0  con    0  1.0D+00  7.0D-01  4.340D+00  2.136D+04
  142  143     0     0  con    0  1.0D+00  5.0D-01  5.516D+00  2.135D+04
  143  144     0     0  con    0  1.0D+00  2.9D-01  5.511D+00  2.134D+04
  144  145     0     0  con    0  1.0D+00  9.8D-01  4.624D+00  2.132D+04
  145  146     0     0  con    0  1.0D+00  5.5D-01  5.524D+00  2.131D+04
  146  147     0     0  con    0  1.0D+00  2.4D-01  5.187D+00  2.130D+04
  147  148     0     0  con    0  1.0D+00  7.6D-01  3.536D+00  2.129D+04
  148  149     0     0  con    0  1.0D+00  5.4D-01  5.088D+00  2.128D+04
  149  150     0     0  con    0  1.0D+00  3.6D-01  4.742D+00  2.127D+04
  150  151     0     0  con    0  1.0D+00  1.2D+00  4.940D+00  2.125D+04
  151  152     0     0  con    0  1.0D+00  5.8D-01  4.354D+00  2.124D+04
  152  153     0     0  con    0  1.0D+00  1.8D-01  3.553D+00  2.123D+04
  153  154     0     0  con    0  1.0D+00  7.7D-01  4.717D+00  2.121D+04
  154  155     0     0  con    0  1.0D+00  5.8D-01  4.964D+00  2.121D+04
  155  156     0     0  con    0  1.0D+00  4.4D-01  4.428D+00  2.120D+04
  156  157     0     0  con    0  1.0D+00  1.1D+00  4.205D+00  2.118D+04
  157  158     0     0  con    0  1.0D+00  6.2D-01  4.518D+00  2.117D+04
  158  159     0     0  con    0  1.0D+00  2.3D-01  3.792D+00  2.116D+04
  159  160     0     0  con    0  1.0D+00  9.1D-01  4.427D+00  2.115D+04
  160  161     0     0  con    0  1.0D+00  5.4D-01  5.231D+00  2.114D+04
  161  162     0     0  con    0  1.0D+00  2.0D-01  3.379D+00  2.113D+04
  162  163     0     0  con    0  1.0D+00  9.2D-01  3.957D+00  2.112D+04
  163  164     0     0  con    0  1.0D+00  6.5D-01  4.670D+00  2.111D+04
  164  165     0     0  con    0  1.0D+00  5.7D-01  4.064D+00  2.110D+04
  165  166     0     0  con    0  1.0D+00  1.2D+00  4.603D+00  2.108D+04
  166  167     0     0  con    0  1.0D+00  5.0D-01  4.674D+00  2.107D+04
  167  168     0     0  con    0  1.0D+00  1.1D-01  4.177D+00  2.106D+04
  168  169     0     0  con    0  1.0D+00  3.8D-01  4.085D+00  2.105D+04
  169  170     0     0  con    0  1.0D+00  5.5D-01  3.937D+00  2.104D+04
  170  171     0     0  con    0  1.0D+00  4.6D-01  4.208D+00  2.103D+04
  171  172     0     0  con    0  1.0D+00  1.2D+00  6.271D+00  2.102D+04
  172  173     0     0  con    0  1.0D+00  6.2D-01  7.262D+00  2.101D+04
  173  174     0     0  con    0  1.0D+00  8.6D-02  7.312D+00  2.100D+04
  174  175     0     0  con    0  1.0D+00  3.8D-01  6.419D+00  2.099D+04
  175  176     0     0  con    0  1.0D+00  3.9D-01  4.073D+00  2.098D+04
  176  177     0     0  con    0  1.0D+00  4.8D-01  4.530D+00  2.097D+04
  177  178     0     0  con    0  1.0D+00  8.6D-01  3.680D+00  2.096D+04
  178  179     0     0  con    0  1.0D+00  6.2D-01  4.810D+00  2.095D+04
  179  180     0     0  con    0  1.0D+00  2.0D-01  4.426D+00  2.094D+04
  180  181     0     0  con    0  1.0D+00  3.4D-01  5.359D+00  2.093D+04
  181  182     0     0  con    0  1.0D+00  3.9D-01  4.909D+00  2.092D+04
  182  183     0     0  con    0  1.0D+00  6.3D-01  2.685D+00  2.091D+04
  183  184     0     0  con    0  1.0D+00  1.0D+00  4.935D+00  2.090D+04
  184  185     0     0  con    0  1.0D+00  6.7D-01  3.756D+00  2.089D+04
  185  186     0     0  con    0  1.0D+00  4.3D-01  3.652D+00  2.088D+04
  186  187     0     0  con    0  1.0D+00  6.7D-01  5.418D+00  2.087D+04
  187  188     0     0  con    0  1.0D+00  3.9D-01  3.899D+00  2.086D+04
  188  189     0     0  con    0  1.0D+00  3.4D-01  4.230D+00  2.085D+04
  189  190     0     0  con    0  1.0D+00  7.2D-01  4.103D+00  2.084D+04
  190  191     0     0  con    0  1.0D+00  6.3D-01  5.356D+00  2.083D+04
  191  192     0     0  con    0  1.0D+00  2.8D-01  3.289D+00  2.082D+04
  192  193     0     0  con    0  1.0D+00  6.4D-01  3.175D+00  2.081D+04
  193  194     0     0  con    0  1.0D+00  4.3D-01  5.634D+00  2.081D+04
  194  195     0     0  con    0  1.0D+00  2.4D-01  4.374D+00  2.080D+04
  195  196     0     0  con    0  1.0D+00  7.1D-01  3.673D+00  2.078D+04
  196  197     0     0  con    0  1.0D+00  2.9D-01  4.329D+00  2.078D+04
  197  198     0     0  con    0  1.0D+00  1.1D-01  3.572D+00  2.077D+04
  198  199     0     0  con    0  1.0D+00  4.1D-01  4.070D+00  2.076D+04
  199  200     0     0  con    0  1.0D+00  3.2D-01  4.723D+00  2.075D+04
  200  201     0     0  con    0  1.0D+00  2.8D-01  4.084D+00  2.075D+04
  201  202     0     0  con    0  1.0D+00  9.2D-01  3.459D+00  2.073D+04
  202  203     0     0  con    0  1.0D+00  5.6D-01  4.700D+00  2.072D+04
  203  204     0     0  con    0  1.0D+00  1.2D-01  3.651D+00  2.072D+04
  204  205     0     0  con    0  1.0D+00  3.3D-01  5.106D+00  2.071D+04
  205  206     0     0  con    0  1.0D+00  4.0D-01  5.602D+00  2.070D+04
  206  207     0     0  con    0  1.0D+00  4.6D-01  5.545D+00  2.069D+04
  207  208     0     0  con    0  1.0D+00  8.9D-01  5.809D+00  2.068D+04
  208  209     0     0  con    0  1.0D+00  4.1D-01  4.344D+00  2.067D+04
  209  210     0     0  con    0  1.0D+00  2.6D-01  5.380D+00  2.067D+04
  210  211     0     0  con    0  1.0D+00  4.1D-01  4.753D+00  2.066D+04
  211  212     0     0  con    0  1.0D+00  5.2D-01  5.295D+00  2.065D+04
  212  213     0     0  con    0  1.0D+00  3.6D-01  3.955D+00  2.064D+04
  213  214     0     0  con    0  1.0D+00  7.0D-01  3.874D+00  2.063D+04
  214  215     0     0  con    0  1.0D+00  5.2D-01  4.127D+00  2.063D+04
  215  216     0     0  con    0  1.0D+00  3.3D-01  3.193D+00  2.062D+04
  216  217     0     0  con    0  1.0D+00  7.2D-01  4.385D+00  2.061D+04
  217  218     0     0  con    0  1.0D+00  4.1D-01  4.946D+00  2.060D+04
  218  219     0     0  con    0  1.0D+00  2.0D-01  4.229D+00  2.060D+04
  219  220     0     0  con    0  1.0D+00  6.0D-01  4.262D+00  2.058D+04
  220  221     0     0  con    0  1.0D+00  3.4D-01  5.057D+00  2.058D+04
  221  222     0     0  con    0  1.0D+00  1.9D-01  4.648D+00  2.057D+04
  222  223     0     0  con    0  1.0D+00  6.9D-01  3.706D+00  2.056D+04
  223  224     0     0  con    0  1.0D+00  3.9D-01  4.153D+00  2.055D+04
  224  225     0     0  con    0  1.0D+00  1.4D-01  4.039D+00  2.055D+04
  225  226     0     0  con    0  1.0D+00  6.5D-01  5.246D+00  2.054D+04
  226  227     0     0  con    0  1.0D+00  3.6D-01  4.727D+00  2.053D+04
  227  228     0     0  con    0  1.0D+00  2.2D-01  4.154D+00  2.052D+04
  228  229     0     0  con    0  1.0D+00  6.4D-01  4.679D+00  2.051D+04
  229  230     0     0  con    0  1.0D+00  3.3D-01  4.478D+00  2.051D+04
  230  231     0     0  con    0  1.0D+00  1.7D-01  3.516D+00  2.050D+04
  231  232     0     0  con    0  1.0D+00  5.4D-01  4.665D+00  2.049D+04
  232  233     0     0  con    0  1.0D+00  3.3D-01  4.311D+00  2.049D+04
  233  234     0     0  con    0  1.0D+00  2.0D-01  4.866D+00  2.048D+04
  234  235     0     0  con    0  1.0D+00  6.7D-01  4.571D+00  2.047D+04
  235  236     0     0  con    0  1.0D+00  4.7D-01  4.675D+00  2.046D+04
  236  237     0     0  con    0  1.0D+00  1.6D-01  5.012D+00  2.046D+04
  237  238     0     0  con    0  1.0D+00  5.1D-01  4.304D+00  2.045D+04
  238  239     0     0  con    0  1.0D+00  4.1D-01  4.980D+00  2.044D+04
  239  240     0     0  con    0  1.0D+00  4.0D-01  4.193D+00  2.044D+04
  240  241     0     0  con    0  1.0D+00  7.9D-01  5.606D+00  2.043D+04
  241  242     0     0  con    0  1.0D+00  3.7D-01  5.567D+00  2.042D+04
  242  243     0     0  con    0  1.0D+00  1.2D-01  5.814D+00  2.041D+04
  243  244     0     0  con    0  1.0D+00  4.5D-01  3.452D+00  2.041D+04
  244  245     0     0  con    0  1.0D+00  5.1D-01  5.154D+00  2.040D+04
  245  246     0     0  con    0  1.0D+00  2.6D-01  4.614D+00  2.039D+04
  246  247     0     0  con    0  1.0D+00  8.2D-01  4.961D+00  2.038D+04
  247  248     0     0  con    0  1.0D+00  4.4D-01  5.599D+00  2.038D+04
  248  249     0     0  con    0  1.0D+00  3.0D-01  5.717D+00  2.037D+04
  249  250     0     0  con    0  1.0D+00  8.0D-01  4.978D+00  2.036D+04
  250  251     0     0  con    0  1.0D+00  5.3D-01  6.025D+00  2.036D+04
  251  252     0     0  con    0  1.0D+00  7.4D-02  4.686D+00  2.035D+04
  252  253     0     0  con    0  1.0D+00  2.7D-01  5.925D+00  2.034D+04
  253  254     0     0  con    0  1.0D+00  3.1D-01  4.199D+00  2.034D+04
  254  255     0     0  con    0  1.0D+00  4.6D-01  4.616D+00  2.033D+04
  255  256     0     0  con    0  1.0D+00  7.9D-01  5.065D+00  2.032D+04
  256  257     0     0  con    0  1.0D+00  4.1D-01  4.805D+00  2.031D+04
  257  258     0     0  con    0  1.0D+00  1.9D-01  4.170D+00  2.031D+04
  258  259     0     0  con    0  1.0D+00  3.3D-01  3.373D+00  2.030D+04
  259  260     0     0  con    0  1.0D+00  4.2D-01  5.238D+00  2.029D+04
  260  261     0     0  con    0  1.0D+00  3.9D-01  3.463D+00  2.029D+04
  261  262     0     0  con    0  1.0D+00  8.6D-01  4.338D+00  2.028D+04
  262  263     0     0  con    0  1.0D+00  3.9D-01  4.764D+00  2.027D+04
  263  264     0     0  con    0  1.0D+00  1.8D-01  4.608D+00  2.027D+04
  264  265     0     0  con    0  1.0D+00  6.0D-01  7.679D+00  2.026D+04
  265  266     0     0  con    0  1.0D+00  4.7D-01  7.890D+00  2.025D+04
  266  267     0     0  con    0  1.0D+00  1.0D-01  7.607D+00  2.025D+04
  267  268     0     0  con    0  1.0D+00  4.5D-01  7.927D+00  2.024D+04
  268  269     0     0  con    0  1.0D+00  3.2D-01  7.000D+00  2.023D+04
  269  270     0     0  con    0  1.0D+00  4.9D-01  6.986D+00  2.023D+04
  270  271     0     0  con    0  1.0D+00  4.3D-01  4.565D+00  2.022D+04
  271  272     0     0  con    0  1.0D+00  5.3D-01  2.980D+00  2.021D+04
  272  273     0     0  con    0  1.0D+00  4.0D-01  4.900D+00  2.021D+04
  273  274     0     0  con    0  1.0D+00  1.5D-01  3.939D+00  2.020D+04
  274  275     0     0  con    0  1.0D+00  2.9D-01  4.812D+00  2.019D+04
  275  276     0     0  con    0  1.0D+00  3.9D-01  4.977D+00  2.019D+04
  276  277     0     0  con    0  1.0D+00  3.0D-01  3.940D+00  2.018D+04
  277  278     0     0  con    0  1.0D+00  7.3D-01  4.589D+00  2.017D+04
  278  279     0     0  con    0  1.0D+00  5.4D-01  6.779D+00  2.017D+04
  279  280     0     0  con    0  1.0D+00  2.3D-01  6.085D+00  2.016D+04
  280  281     0     0  con    0  1.0D+00  4.7D-01  3.122D+00  2.015D+04
  281  282     0     0  con    0  1.0D+00  3.3D-01  6.151D+00  2.015D+04
  282  283     0     0  con    0  1.0D+00  2.3D-01  3.977D+00  2.014D+04
  283  284     0     0  con    0  1.0D+00  6.6D-01  4.916D+00  2.013D+04
  284  285     0     0  con    0  1.0D+00  3.3D-01  4.796D+00  2.013D+04
  285  286     0     0  con    0  1.0D+00  2.8D-01  5.726D+00  2.012D+04
  286  287     0     0  con    0  1.0D+00  6.9D-01  4.208D+00  2.011D+04
  287  288     0     0  con    0  1.0D+00  5.6D-01  9.276D+00  2.011D+04
  288  289     0     0  con    0  1.0D+00  1.3D-01  5.717D+00  2.010D+04
  289  290     0     0  con    0  1.0D+00  2.6D-01  6.895D+00  2.010D+04
  290  291     0     0  con    0  1.0D+00  2.3D-01  4.986D+00  2.009D+04
  291  292     0     0  con    0  1.0D+00  5.9D-01  6.271D+00  2.008D+04
  292  293     0     0  con    0  1.0D+00  5.2D-01  5.724D+00  2.008D+04
  293  294     0     0  con    0  1.0D+00  4.5D-01  3.033D+00  2.007D+04
  294  295     0     0  con    0  1.0D+00  5.3D-01  3.892D+00  2.007D+04
  295  296     0     0  con    0  1.0D+00  1.9D-01  2.546D+00  2.006D+04
  296  297     0     0  con    0  1.0D+00  2.4D-01  4.070D+00  2.005D+04
  297  298     0     0  con    0  1.0D+00  4.4D-01  5.341D+00  2.005D+04
  298  299     0     0  con    0  1.0D+00  4.6D-01  3.861D+00  2.004D+04
  299  300     0     0  con    0  1.0D+00  4.0D-01  2.933D+00  2.004D+04
  300  301     0     0  con    0  1.0D+00  5.3D-01  3.923D+00  2.003D+04
  301  302     0     0  con    0  1.0D+00  4.8D-01  4.985D+00  2.002D+04
  302  303     0     0  con    0  1.0D+00  3.2D-01  4.425D+00  2.002D+04
  303  304     0     0  con    0  1.0D+00  4.7D-01  4.280D+00  2.001D+04
  304  305     0     0  con    0  1.0D+00  1.9D-01  3.882D+00  2.000D+04
  305  306     0     0  con    0  1.0D+00  1.8D-01  3.703D+00  2.000D+04
  306  307     0     0  con    0  1.0D+00  5.8D-01  4.636D+00  1.999D+04
  307  308     0     0  con    0  1.0D+00  4.6D-01  6.397D+00  1.999D+04
  308  309     0     0  con    0  1.0D+00  1.4D-01  4.925D+00  1.998D+04
  309  310     0     0  con    0  1.0D+00  3.9D-01  5.775D+00  1.997D+04
  310  311     0     0  con    0  1.0D+00  2.7D-01  3.082D+00  1.997D+04
  311  312     0     0  con    0  1.0D+00  4.2D-01  2.731D+00  1.996D+04
  312  313     0     0  con    0  1.0D+00  6.4D-01  5.337D+00  1.996D+04
  313  314     0     0  con    0  1.0D+00  2.0D-01  2.756D+00  1.995D+04
  314  315     0     0  con    0  1.0D+00  1.5D-01  6.037D+00  1.994D+04
  315  316     0     0  con    0  1.0D+00  2.1D-01  4.033D+00  1.994D+04
  316  317     0     0  con    0  1.0D+00  4.1D-01  3.909D+00  1.993D+04
  317  318     0     0  con    0  1.0D+00  5.5D-01  4.355D+00  1.993D+04
  318  319     0     0  con    0  1.0D+00  4.0D-01  3.226D+00  1.992D+04
  319  320     0     0  con    0  1.0D+00  4.8D-01  4.281D+00  1.991D+04
  320  321     0     0  con    0  1.0D+00  5.6D-01  5.035D+00  1.991D+04
  321  322     0     0  con    0  1.0D+00  3.0D-01  2.626D+00  1.990D+04
  322  323     0     0  con    0  1.0D+00  3.8D-01  3.826D+00  1.990D+04
  323  324     0     0  con    0  1.0D+00  3.6D-01  3.827D+00  1.989D+04
  324  325     0     0  con    0  1.0D+00  3.6D-01  3.653D+00  1.989D+04
  325  326     0     0  con    0  1.0D+00  6.2D-01  5.068D+00  1.988D+04
  326  327     0     0  con    0  1.0D+00  3.2D-01  5.787D+00  1.987D+04
  327  328     0     0  con    0  1.0D+00  1.7D-01  2.914D+00  1.987D+04
  328  329     0     0  con    0  1.0D+00  4.5D-01  5.452D+00  1.986D+04
  329  330     0     0  con    0  1.0D+00  3.9D-01  8.323D+00  1.986D+04
  330  331     0     0  con    0  1.0D+00  1.5D-01  6.395D+00  1.985D+04
  331  332     0     0  con    0  1.0D+00  3.7D-01  5.333D+00  1.985D+04
  332  333     0     0  con    0  1.0D+00  2.6D-01  5.672D+00  1.984D+04
  333  334     0     0  con    0  1.0D+00  2.6D-01  4.643D+00  1.984D+04
  334  335     0     0  con    0  1.0D+00  5.2D-01  8.006D+00  1.983D+04
  335  336     0     0  con    0  1.0D+00  8.6D-02  3.492D+00  1.983D+04
  336  337     0     0  con    0  1.0D+00  5.3D-02  4.971D+00  1.982D+04
  337  338     0     0  con    0  1.0D+00  2.1D-01  5.412D+00  1.982D+04
  338  339     0     0  con    0  1.0D+00  5.0D-01  6.710D+00  1.981D+04
  339  340     0     0  con    0  1.0D+00  2.7D-01  5.029D+00  1.981D+04
  340  341     0     0  con    0  1.0D+00  3.5D-01  5.591D+00  1.980D+04
  341  342     0     0  con    0  1.0D+00  2.6D-01  4.184D+00  1.980D+04
  342  343     0     0  con    0  1.0D+00  6.9D-01  4.227D+00  1.979D+04
  343  344     0     0  con    0  1.0D+00  3.5D-01  5.210D+00  1.978D+04
  344  345     0     0  con    0  1.0D+00  1.3D-01  3.782D+00  1.978D+04
  345  346     0     0  con    0  1.0D+00  3.3D-01  2.658D+00  1.977D+04
  346  347     0     0  con    0  1.0D+00  3.0D-01  5.559D+00  1.977D+04
  347  348     0     0  con    0  1.0D+00  2.5D-01  5.049D+00  1.977D+04
  348  349     0     0  con    0  1.0D+00  8.3D-01  6.105D+00  1.976D+04
  349  350     0     0  con    0  1.0D+00  3.2D-01  7.483D+00  1.975D+04
  350  351     0     0  con    0  1.0D+00  7.6D-02  6.196D+00  1.975D+04
  351  352     0     0  con    0  1.0D+00  4.3D-01  6.718D+00  1.974D+04
  352  353     0     0  con    0  1.0D+00  3.9D-01  9.381D+00  1.974D+04
  353  354     0     0  con    0  1.0D+00  1.9D-01  8.862D+00  1.974D+04
  354  355     0     0  con    0  1.0D+00  8.0D-01  5.065D+00  1.973D+04
  355  356     0     0  con    0  1.0D+00  5.2D-01  5.747D+00  1.972D+04
  356  357     0     0  con    0  1.0D+00  4.0D-01  3.593D+00  1.972D+04
  357  358     0     0  con    0  1.0D+00  6.7D-01  5.219D+00  1.971D+04
  358  359     0     0  con    0  1.0D+00  2.7D-01  4.736D+00  1.971D+04
  359  360     0     0  con    0  1.0D+00  1.6D-01  5.247D+00  1.970D+04
  360  361     0     0  con    0  1.0D+00  5.0D-01  5.961D+00  1.970D+04
  361  362     0     0  con    0  1.0D+00  5.1D-01  5.341D+00  1.969D+04
  362  363     0     0  con    0  1.0D+00  2.9D-01  4.185D+00  1.969D+04
  363  364     0     0  con    0  1.0D+00  6.6D-01  5.089D+00  1.968D+04
  364  365     0     0  con    0  1.0D+00  3.6D-01  5.920D+00  1.968D+04
  365  366     0     0  con    0  1.0D+00  2.1D-01  6.929D+00  1.967D+04
  366  367     0     0  con    0  1.0D+00  5.9D-01  5.013D+00  1.967D+04
  367  368     0     0  con    0  1.0D+00  4.0D-01  6.948D+00  1.966D+04
  368  369     0     0  con    0  1.0D+00  3.4D-02  4.864D+00  1.966D+04
  369  370     0     0  con    0  1.0D+00  2.6D-01  5.665D+00  1.965D+04
  370  371     0     0  con    0  1.0D+00  2.9D-01  4.083D+00  1.965D+04
  371  372     0     0  con    0  1.0D+00  4.4D-01  5.973D+00  1.964D+04
  372  373     0     0  con    0  1.0D+00  4.7D-01  3.530D+00  1.964D+04
  373  374     0     0  con    0  1.0D+00  4.6D-01  5.585D+00  1.963D+04
  374  375     0     0  con    0  1.0D+00  2.1D-01  4.219D+00  1.963D+04
  375  376     0     0  con    0  1.0D+00  1.1D-01  4.768D+00  1.962D+04
  376  377     0     0  con    0  1.0D+00  1.3D-01  3.346D+00  1.962D+04
  377  378     0     0  con    0  1.0D+00  3.2D-01  5.052D+00  1.961D+04
  378  379     0     0  con    0  1.0D+00  3.7D-01  2.754D+00  1.961D+04
  379  380     0     0  con    0  1.0D+00  4.7D-01  4.575D+00  1.960D+04
  380  381     0     0  con    0  1.0D+00  4.0D-01  3.593D+00  1.960D+04
  381  382     0     0  con    0  1.0D+00  2.2D-01  3.594D+00  1.959D+04
  382  383     0     0  con    0  1.0D+00  2.6D-01  6.109D+00  1.959D+04
  383  384     0     0  con    0  1.0D+00  1.4D-01  5.791D+00  1.958D+04
  384  385     0     0  con    0  1.0D+00  8.9D-02  5.648D+00  1.958D+04
  385  386     0     0  con    0  1.0D+00  2.7D-01  3.082D+00  1.957D+04
  386  387     0     0  con    0  1.0D+00  2.8D-01  5.143D+00  1.957D+04
  387  388     0     0  con    0  1.0D+00  1.3D-01  4.481D+00  1.956D+04
  388  389     0     0  con    0  1.0D+00  3.3D-01  5.070D+00  1.956D+04
  389  390     0     0  con    0  1.0D+00  1.7D-01  4.954D+00  1.955D+04
  390  391     0     0  con    0  1.0D+00  1.4D-01  5.409D+00  1.955D+04
  391  392     0     0  con    0  1.0D+00  3.9D-01  6.646D+00  1.954D+04
  392  393     0     0  con    0  1.0D+00  1.2D-01  6.884D+00  1.954D+04
  393  394     0     0  con    0  1.0D+00  4.0D-02  4.943D+00  1.954D+04
  394  395     0     0  con    0  1.0D+00  2.1D-01  6.492D+00  1.953D+04
  395  396     0     0  con    0  1.0D+00  2.5D-01  5.937D+00  1.953D+04
  396  397     0     0  con    0  1.0D+00  3.0D-01  3.523D+00  1.952D+04
  397  398     0     0  con    0  1.0D+00  4.5D-01  5.470D+00  1.952D+04
  398  399     0     0  con    0  1.0D+00  3.3D-01  4.607D+00  1.951D+04
  399  400     0     0  con    0  1.0D+00  2.3D-01  4.599D+00  1.951D+04
  400  401     0     0  con    0  1.0D+00  2.9D-01  3.895D+00  1.951D+04
  401  402     0     0  con    0  1.0D+00  2.0D-01  3.848D+00  1.950D+04
  402  403     0     0  con    0  1.0D+00  1.8D-01  3.300D+00  1.950D+04
  403  404     0     0  con    0  1.0D+00  4.1D-01  5.559D+00  1.949D+04
  404  405     0     0  con    0  1.0D+00  4.2D-01  4.475D+00  1.949D+04
  405  406     0     0  con    0  1.0D+00  1.9D-01  4.259D+00  1.948D+04
  406  407     0     0  con    0  1.0D+00  3.7D-01  3.539D+00  1.948D+04
  407  408     0     0  con    0  1.0D+00  2.2D-01  5.236D+00  1.948D+04
  408  409     0     0  con    0  1.0D+00  1.6D-01  4.467D+00  1.947D+04
  409  410     0     0  con    0  1.0D+00  5.5D-01  8.197D+00  1.947D+04
  410  411     0     0  con    0  1.0D+00  1.2D-01  6.275D+00  1.946D+04
  411  412     0     0  con    0  1.0D+00  2.8D-02  5.118D+00  1.946D+04
  412  413     0     0  con    0  1.0D+00  2.3D-01  7.230D+00  1.945D+04
  413  414     0     0  con    0  1.0D+00  3.0D-01  5.089D+00  1.945D+04
  414  415     0     0  con    0  1.0D+00  2.2D-01  5.347D+00  1.945D+04
  415  416     0     0  con    0  1.0D+00  7.0D-01  4.562D+00  1.944D+04
  416  417     0     0  con    0  1.0D+00  3.7D-01  6.044D+00  1.944D+04
  417  418     0     0  con    0  1.0D+00  2.9D-02  5.500D+00  1.943D+04
  418  419     0     0  con    0  1.0D+00  2.1D-01  6.144D+00  1.943D+04
  419  420     0     0  con    0  1.0D+00  2.5D-01  4.115D+00  1.942D+04
  420  421     0     0  con    0  1.0D+00  3.9D-01  4.464D+00  1.942D+04
  421  422     0     0  con    0  1.0D+00  4.8D-01  4.504D+00  1.942D+04
  422  423     0     0  con    0  1.0D+00  6.8D-01  6.430D+00  1.941D+04
  423  424     0     0  con    0  1.0D+00  3.0D-01  5.035D+00  1.941D+04
  424  425     0     0  con    0  1.0D+00  9.9D-02  3.357D+00  1.940D+04
  425  426     0     0  con    0  1.0D+00  1.1D-01  5.403D+00  1.940D+04
  426  427     0     0  con    0  1.0D+00  2.4D-01  5.014D+00  1.940D+04
  427  428     0     0  con    0  1.0D+00  3.5D-01  3.813D+00  1.939D+04
  428  429     0     0  con    0  1.0D+00  6.0D-01  5.095D+00  1.939D+04
  429  430     0     0  con    0  1.0D+00  3.6D-01  5.514D+00  1.938D+04
  430  431     0     0  con    0  1.0D+00  2.6D-01  5.445D+00  1.938D+04
  431  432     0     0  con    0  1.0D+00  4.0D-01  4.451D+00  1.937D+04
  432  433     0     0  con    0  1.0D+00  3.2D-01  4.237D+00  1.937D+04
  433  434     0     0  con    0  1.0D+00  1.8D-01  3.825D+00  1.936D+04
  434  435     0     0  con    0  1.0D+00  2.8D-01  2.990D+00  1.936D+04
  435  436     0     0  con    0  1.0D+00  2.7D-01  4.494D+00  1.936D+04
  436  437     0     0  con    0  1.0D+00  2.7D-01  4.682D+00  1.935D+04
  437  438     0     0  con    0  1.0D+00  5.2D-01  7.472D+00  1.935D+04
  438  439     0     0  con    0  1.0D+00  2.1D-01  4.067D+00  1.934D+04
  439  440     0     0  con    0  1.0D+00  9.2D-02  3.961D+00  1.934D+04
  440  441     0     0  con    0  1.0D+00  3.0D-01  5.321D+00  1.933D+04
  441  442     0     0  con    0  1.0D+00  3.2D-01  7.300D+00  1.933D+04
  442  443     0     0  con    0  1.0D+00  8.8D-02  6.395D+00  1.933D+04
  443  444     0     0  con    0  1.0D+00  2.1D-01  3.866D+00  1.932D+04
  444  445     0     0  con    0  1.0D+00  1.8D-01  2.759D+00  1.932D+04
  445  446     0     0  con    0  1.0D+00  3.7D-01  2.861D+00  1.931D+04
  446  447     0     0  con    0  1.0D+00  4.3D-01  8.698D+00  1.931D+04
  447  448     0     0  con    0  1.0D+00  2.9D-02  5.509D+00  1.931D+04
  448  449     0     0  con    0  1.0D+00  4.2D-02  6.339D+00  1.930D+04
  449  450     0     0  con    0  1.0D+00  1.4D-01  3.413D+00  1.930D+04
  450  451     0     0  con    0  1.0D+00  5.0D-01  3.305D+00  1.929D+04
  451  452     0     0  con    0  1.0D+00  4.2D-01  6.185D+00  1.929D+04
  452  453     0     0  con    0  1.0D+00  1.4D-01  3.863D+00  1.929D+04
  453  454     0     0  con    0  1.0D+00  3.4D-01  4.661D+00  1.928D+04
  454  455     0     0  con    0  1.0D+00  2.8D-01  4.952D+00  1.928D+04
  455  456     0     0  con    0  1.0D+00  4.1D-01  5.265D+00  1.927D+04
  456  457     0     0  con    0  1.0D+00  6.8D-01  7.084D+00  1.927D+04
  457  458     0     0  con    0  1.0D+00  9.2D-02  4.870D+00  1.927D+04
  458  459     0     0  con    0  1.0D+00  6.5D-02  5.774D+00  1.926D+04
  459  460     0     0  con    0  1.0D+00  1.6D-01  5.800D+00  1.926D+04
  460  461     0     0  con    0  1.0D+00  5.7D-01  7.929D+00  1.925D+04
  461  462     0     0  con    0  1.0D+00  3.3D-01  5.062D+00  1.925D+04
  462  463     0     0  con    0  1.0D+00  2.5D-01  7.117D+00  1.925D+04
  463  464     0     0  con    0  1.0D+00  4.3D-01  6.371D+00  1.924D+04
  464  465     0     0  con    0  1.0D+00  5.0D-01  7.997D+00  1.924D+04
  465  466     0     0  con    0  1.0D+00  2.2D-01  5.782D+00  1.923D+04
  466  467     0     0  con    0  1.0D+00  2.9D-01  7.073D+00  1.923D+04
  467  468     0     0  con    0  1.0D+00  1.6D-01  4.805D+00  1.923D+04
  468  469     0     0  con    0  1.0D+00  3.1D-01  4.576D+00  1.922D+04
  469  470     0     0  con    0  1.0D+00  4.2D-01  6.686D+00  1.922D+04
  470  471     0     0  con    0  1.0D+00  2.5D-01  5.455D+00  1.921D+04
  471  472     0     0  con    0  1.0D+00  3.8D-01  5.261D+00  1.921D+04
  472  473     0     0  con    0  1.0D+00  2.6D-01  6.146D+00  1.921D+04
  473  474     0     0  con    0  1.0D+00  2.4D-01  3.307D+00  1.920D+04
  474  475     0     0  con    0  1.0D+00  5.1D-01  8.140D+00  1.920D+04
  475  476     0     0  con    0  1.0D+00  1.9D-01  4.342D+00  1.919D+04
  476  477     0     0  con    0  1.0D+00  1.1D-01  4.114D+00  1.919D+04
  477  478     0     0  con    0  1.0D+00  2.8D-01  7.581D+00  1.918D+04
  478  479     0     0  con    0  1.0D+00  4.1D-01  9.810D+00  1.918D+04
  479  480     0     0  con    0  1.0D+00  1.8D-01  7.292D+00  1.918D+04
  480  481     0     0  con    0  1.0D+00  3.1D-01  8.303D+00  1.917D+04
  481  482     0     0  con    0  1.0D+00  1.5D-01  6.362D+00  1.917D+04
  482  483     0     0  con    0  1.0D+00  2.9D-01  5.752D+00  1.916D+04
  483  484     0     0  con    0  1.0D+00  2.7D-01  4.007D+00  1.916D+04
  484  485     0     0  con    0  1.0D+00  2.9D-01  4.067D+00  1.916D+04
  485  486     0     0  con    0  1.0D+00  2.7D-01  3.805D+00  1.915D+04
  486  487     0     0  con    0  1.0D+00  2.7D-01  3.652D+00  1.915D+04
  487  488     0     0  con    0  1.0D+00  2.4D-01  3.617D+00  1.914D+04
  488  489     0     0  con    0  1.0D+00  3.2D-01  5.766D+00  1.914D+04
  489  490     0     0  con    0  1.0D+00  2.5D-01  3.005D+00  1.914D+04
  490  491     0     0  con    0  1.0D+00  3.3D-01  5.403D+00  1.913D+04
  491  492     0     0  con    0  1.0D+00  3.7D-01  7.834D+00  1.913D+04
  492  493     0     0  con    0  1.0D+00  2.3D-01  3.277D+00  1.912D+04
  493  494     0     0  con    0  1.0D+00  3.4D-01  4.664D+00  1.912D+04
  494  495     0     0  con    0  1.0D+00  2.2D-01  4.880D+00  1.912D+04
  495  496     0     0  con    0  1.0D+00  1.9D-01  2.934D+00  1.911D+04
  496  497     0     0  con    0  1.0D+00  3.4D-01  6.732D+00  1.911D+04
  497  498     0     0  con    0  1.0D+00  2.6D-01  4.996D+00  1.910D+04
  498  499     0     0  con    0  1.0D+00  1.1D-01  3.525D+00  1.910D+04
  499  500     0     0  con    0  1.0D+00  2.6D-01  3.926D+00  1.910D+04
  500  501     0     0  con    0  1.0D+00  2.5D-01  7.897D+00  1.909D+04
  501  502     0     0  con    0  1.0D+00  1.3D-01  6.681D+00  1.909D+04
  502  503     0     0  con    0  1.0D+00  3.1D-01  6.725D+00  1.909D+04
  503  504     0     0  con    0  1.0D+00  1.0D-01  4.877D+00  1.908D+04
  504  505     0     0  con    0  1.0D+00  1.1D-01  5.492D+00  1.908D+04
  505  506     0     0  con    0  1.0D+00  2.7D-01  5.160D+00  1.908D+04
  506  507     0     0  con    0  1.0D+00  2.0D-01  7.687D+00  1.907D+04
  507  508     0     0  con    0  1.0D+00  7.1D-02  7.032D+00  1.907D+04
  508  509     0     0  con    0  1.0D+00  2.4D-01  4.640D+00  1.906D+04
  509  510     0     0  con    0  1.0D+00  2.0D-01  8.093D+00  1.906D+04
  510  511     0     0  con    0  1.0D+00  2.0D-01  6.544D+00  1.906D+04
  511  512     0     0  con    0  1.0D+00  5.6D-01  5.834D+00  1.905D+04
  512  513     0     0  con    0  1.0D+00  1.6D-01  6.819D+00  1.905D+04
  513  514     0     0  con    0  1.0D+00  3.6D-02  4.213D+00  1.905D+04
  514  515     0     0  con    0  1.0D+00  2.3D-01  5.711D+00  1.904D+04
  515  516     0     0  con    0  1.0D+00  2.5D-01  8.427D+00  1.904D+04
  516  517     0     0  con    0  1.0D+00  1.9D-01  8.198D+00  1.904D+04
  517  518     0     0  con    0  1.0D+00  5.6D-01  5.736D+00  1.903D+04
  518  519     0     0  con    0  1.0D+00  3.0D-01  6.781D+00  1.903D+04
  519  520     0     0  con    0  1.0D+00  9.0D-02  5.516D+00  1.903D+04
  520  521     0     0  con    0  1.0D+00  3.2D-01  4.556D+00  1.902D+04
  521  522     0     0  con    0  1.0D+00  1.6D-01  5.067D+00  1.902D+04
  522  523     0     0  con    0  1.0D+00  1.6D-01  5.260D+00  1.902D+04
  523  524     0     0  con    0  1.0D+00  5.5D-01  6.897D+00  1.901D+04
  524  525     0     0  con    0  1.0D+00  3.5D-01  6.911D+00  1.901D+04
  525  526     0     0  con    0  1.0D+00  3.0D-02  4.668D+00  1.900D+04
  526  527     0     0  con    0  1.0D+00  1.6D-01  4.862D+00  1.900D+04
  527  528     0     0  con    0  1.0D+00  1.9D-01  3.707D+00  1.900D+04
  528  529     0     0  con    0  1.0D+00  4.5D-01  3.521D+00  1.899D+04
  529  530     0     0  con    0  1.0D+00  4.5D-01  6.164D+00  1.899D+04
  530  531     0     0  con    0  1.0D+00  2.5D-01  4.717D+00  1.899D+04
  531  532     0     0  con    0  1.0D+00  3.2D-01  5.135D+00  1.898D+04
  532  533     0     0  con    0  1.0D+00  1.8D-01  5.632D+00  1.898D+04
  533  534     0     0  con    0  1.0D+00  1.6D-01  4.890D+00  1.898D+04
  534  535     0     0  con    0  1.0D+00  5.1D-01  7.048D+00  1.897D+04
  535  536     0     0  con    0  1.0D+00  2.7D-01  4.620D+00  1.897D+04
  536  537     0     0  con    0  1.0D+00  1.3D-01  4.564D+00  1.897D+04
  537  538     0     0  con    0  1.0D+00  5.6D-01  4.202D+00  1.896D+04
  538  539     0     0  con    0  1.0D+00  3.7D-01  8.866D+00  1.896D+04
  539  540     0     0  con    0  1.0D+00  6.1D-02  7.596D+00  1.895D+04
  540  541     0     0  con    0  1.0D+00  2.3D-01  5.074D+00  1.895D+04
  541  542     0     0  con    0  1.0D+00  2.2D-01  4.143D+00  1.895D+04
  542  543     0     0  con    0  1.0D+00  4.9D-01  5.383D+00  1.894D+04
  543  544     0     0  con    0  1.0D+00  3.8D-01  6.955D+00  1.894D+04
  544  545     0     0  con    0  1.0D+00  1.8D-01  4.718D+00  1.894D+04
  545  546     0     0  con    0  1.0D+00  3.1D-01  4.830D+00  1.893D+04
  546  547     0     0  con    0  1.0D+00  1.3D-01  5.076D+00  1.893D+04
  547  548     0     0  con    0  1.0D+00  9.8D-02  4.118D+00  1.893D+04
  548  549     0     0  con    0  1.0D+00  5.6D-01  5.907D+00  1.892D+04
  549  550     0     0  con    0  1.0D+00  3.1D-01  7.144D+00  1.892D+04
  550  551     0     0  con    0  1.0D+00  9.0D-02  6.125D+00  1.891D+04
  551  552     0     0  con    0  1.0D+00  3.8D-01  4.836D+00  1.891D+04
  552  553     0     0  con    0  1.0D+00  2.8D-01  5.215D+00  1.891D+04
  553  554     0     0  con    0  1.0D+00  3.5D-01  4.459D+00  1.890D+04
  554  555     0     0  con    0  1.0D+00  6.8D-01  7.211D+00  1.890D+04
  555  556     0     0  con    0  1.0D+00  1.5D-01  3.908D+00  1.890D+04
  556  557     0     0  con    0  1.0D+00  4.4D-02  4.396D+00  1.889D+04
  557  558     0     0  con    0  1.0D+00  1.2D-01  4.172D+00  1.889D+04
  558  559     0     0  con    0  1.0D+00  4.3D-01  7.396D+00  1.889D+04
  559  560     0     0  con    0  1.0D+00  3.4D-01  4.174D+00  1.888D+04
  560  561     0     0  con    0  1.0D+00  4.0D-01  7.674D+00  1.888D+04
  561  562     0     0  con    0  1.0D+00  3.4D-01  4.260D+00  1.887D+04
  562  563     0     0  con    0  1.0D+00  5.3D-01  4.348D+00  1.887D+04
  563  564     0     0  con    0  1.0D+00  3.0D-01  5.279D+00  1.887D+04
  564  565     0     0  con    0  1.0D+00  1.4D-01  3.426D+00  1.886D+04
  565  566     0     0  con    0  1.0D+00  2.3D-01  4.560D+00  1.886D+04
  566  567     0     0  con    0  1.0D+00  2.0D-01  5.178D+00  1.886D+04
  567  568     0     0  con    0  1.0D+00  1.8D-01  5.120D+00  1.885D+04
  568  569     0     0  con    0  1.0D+00  5.8D-01  6.034D+00  1.885D+04
  569  570     0     0  con    0  1.0D+00  3.0D-01  7.748D+00  1.884D+04
  570  571     0     0  con    0  1.0D+00  2.6D-02  5.833D+00  1.884D+04
  571  572     0     0  con    0  1.0D+00  1.8D-01  5.219D+00  1.884D+04
  572  573     0     0  con    0  1.0D+00  2.2D-01  5.722D+00  1.883D+04
  573  574     0     0  con    0  1.0D+00  3.1D-01  5.458D+00  1.883D+04
  574  575     0     0  con    0  1.0D+00  7.0D-01  1.248D+01  1.883D+04
  575  576     0     0  con    0  1.0D+00  3.4D-02  4.411D+00  1.882D+04
  576  577     0     0  con    0  1.0D+00  7.1D-02  8.611D+00  1.882D+04
  577  578     0     0  con    0  1.0D+00  4.5D-02  7.370D+00  1.882D+04
  578  579     0     0  con    0  1.0D+00  3.0D-01  4.554D+00  1.881D+04
  579  580     0     0  con    0  1.0D+00  3.9D-01  5.401D+00  1.881D+04
  580  581     0     0  con    0  1.0D+00  2.1D-01  4.140D+00  1.880D+04
  581  582     0     0  con    0  1.0D+00  4.0D-01  5.211D+00  1.880D+04
  582  583     0     0  con    0  1.0D+00  2.7D-01  5.312D+00  1.880D+04
  583  584     0     0  con    0  1.0D+00  1.9D-01  4.900D+00  1.880D+04
  584  585     0     0  con    0  1.0D+00  5.9D-01  5.996D+00  1.879D+04
  585  586     0     0  con    0  1.0D+00  1.7D-01  6.955D+00  1.879D+04
  586  587     0     0  con    0  1.0D+00  4.1D-02  4.010D+00  1.878D+04
  587  588     0     0  con    0  1.0D+00  1.1D-01  5.440D+00  1.878D+04
  588  589     0     0  con    0  1.0D+00  2.8D-01  5.504D+00  1.878D+04
  589  590     0     0  con    0  1.0D+00  5.7D-01  3.364D+00  1.877D+04
  590  591     0     0  con    0  1.0D+00  7.0D-01  7.054D+00  1.877D+04
  591  592     0     0  con    0  1.0D+00  1.0D-01  6.096D+00  1.877D+04
  592  593     0     0  con    0  1.0D+00  5.6D-02  5.816D+00  1.876D+04
  593  594     0     0  con    0  1.0D+00  1.6D-01  5.403D+00  1.876D+04
  594  595     0     0  con    0  1.0D+00  3.3D-01  3.411D+00  1.876D+04
  595  596     0     0  con    0  1.0D+00  4.6D-01  5.670D+00  1.875D+04
  596  597     0     0  con    0  1.0D+00  3.0D-01  3.880D+00  1.875D+04
  597  598     0     0  con    0  1.0D+00  2.0D-01  3.681D+00  1.875D+04
  598  599     0     0  con    0  1.0D+00  2.1D-01  3.952D+00  1.874D+04
  599  600     0     0  con    0  1.0D+00  3.1D-01  4.991D+00  1.874D+04
  600  601     0     0  con    0  1.0D+00  3.1D-01  4.599D+00  1.874D+04
  601  602     0     0  con    0  1.0D+00  2.9D-01  3.748D+00  1.873D+04
  602  603     0     0  con    0  1.0D+00  3.6D-01  5.308D+00  1.873D+04
  603  604     0     0  con    0  1.0D+00  2.8D-01  4.281D+00  1.872D+04
  604  605     0     0  con    0  1.0D+00  2.8D-01  4.143D+00  1.872D+04
  605  606     0     0  con    0  1.0D+00  3.4D-01  5.813D+00  1.872D+04
  606  607     0     0  con    0  1.0D+00  2.4D-01  6.300D+00  1.871D+04
  607  608     0     0  con    0  1.0D+00  1.8D-01  3.770D+00  1.871D+04
  608  609     0     0  con    0  1.0D+00  2.6D-01  4.852D+00  1.871D+04
  609  610     0     0  con    0  1.0D+00  2.6D-01  4.728D+00  1.870D+04
  610  611     0     0  con    0  1.0D+00  2.0D-01  4.524D+00  1.870D+04
  611  612     0     0  con    0  1.0D+00  3.9D-01  5.513D+00  1.870D+04
  612  613     0     0  con    0  1.0D+00  1.9D-01  5.162D+00  1.869D+04
  613  614     0     0  con    0  1.0D+00  3.8D-02  4.478D+00  1.869D+04
  614  615     0     0  con    0  1.0D+00  2.3D-01  3.698D+00  1.869D+04
  615  616     0     0  con    0  1.0D+00  2.5D-01  7.522D+00  1.868D+04
  616  617     0     0  con    0  1.0D+00  1.2D-01  6.174D+00  1.868D+04
  617  618     0     0  con    0  1.0D+00  3.1D-01  6.892D+00  1.868D+04
  618  619     0     0  con    0  1.0D+00  1.4D-01  4.479D+00  1.867D+04
  619  620     0     0  con    0  1.0D+00  1.2D-01  4.869D+00  1.867D+04
  620  621     0     0  con    0  1.0D+00  2.5D-01  6.363D+00  1.867D+04
  621  622     0     0  con    0  1.0D+00  2.2D-01  6.580D+00  1.866D+04
  622  623     0     0  con    0  1.0D+00  1.1D-01  6.892D+00  1.866D+04
  623  624     0     0  con    0  1.0D+00  1.9D-01  5.351D+00  1.866D+04
  624  625     0     0  con    0  1.0D+00  1.9D-01  6.082D+00  1.865D+04
  625  626     0     0  con    0  1.0D+00  3.5D-01  4.034D+00  1.865D+04
  626  627     0     0  con    0  1.0D+00  5.7D-01  7.141D+00  1.865D+04
  627  628     0     0  con    0  1.0D+00  1.8D-01  5.062D+00  1.864D+04
  628  629     0     0  con    0  1.0D+00  1.6D-01  5.180D+00  1.864D+04
  629  630     0     0  con    0  1.0D+00  2.3D-01  5.902D+00  1.864D+04
  630  631     0     0  con    0  1.0D+00  3.1D-01  3.400D+00  1.864D+04
  631  632     0     0  con    0  1.0D+00  3.1D-01  4.418D+00  1.863D+04
  632  633     0     0  con    0  1.0D+00  3.0D-01  3.644D+00  1.863D+04
  633  634     0     0  con    0  1.0D+00  2.4D-01  5.389D+00  1.863D+04
  634  635     0     0  con    0  1.0D+00  2.7D-01  4.491D+00  1.862D+04
  635  636     0     0  con    0  1.0D+00  1.4D-01  2.608D+00  1.862D+04
  636  637     0     0  con    0  1.0D+00  1.4D-01  3.429D+00  1.862D+04
  637  638     0     0  con    0  1.0D+00  2.3D-01  5.528D+00  1.861D+04
  638  639     0     0  con    0  1.0D+00  2.0D-01  4.443D+00  1.861D+04
  639  640     0     0  con    0  1.0D+00  2.2D-01  4.439D+00  1.861D+04
  640  641     0     0  con    0  1.0D+00  1.9D-01  4.721D+00  1.860D+04
  641  642     0     0  con    0  1.0D+00  1.3D-01  2.952D+00  1.860D+04
  642  643     0     0  con    0  1.0D+00  1.5D-01  4.916D+00  1.860D+04
  643  644     0     0  con    0  1.0D+00  1.5D-01  5.026D+00  1.859D+04
  644  645     0     0  con    0  1.0D+00  1.5D-01  3.703D+00  1.859D+04
  645  646     0     0  con    0  1.0D+00  1.3D-01  4.070D+00  1.859D+04
  646  647     0     0  con    0  1.0D+00  1.2D-01  3.540D+00  1.858D+04
  647  648     0     0  con    0  1.0D+00  1.1D-01  4.246D+00  1.858D+04
  648  649     0     0  con    0  1.0D+00  1.4D-01  2.819D+00  1.858D+04
  649  650     0     0  con    0  1.0D+00  2.2D-01  5.374D+00  1.858D+04
  650  651     0     0  con    0  1.0D+00  1.0D-01  2.765D+00  1.857D+04
  651  652     0     0  con    0  1.0D+00  6.7D-02  3.618D+00  1.857D+04
  652  653     0     0  con    0  1.0D+00  1.2D-01  6.256D+00  1.857D+04
  653  654     0     0  con    0  1.0D+00  1.2D-01  4.953D+00  1.857D+04
  654  655     0     0  con    0  1.0D+00  7.8D-02  4.637D+00  1.856D+04
  655  656     0     0  con    0  1.0D+00  1.9D-01  5.044D+00  1.856D+04
  656  657     0     0  con    0  1.0D+00  1.1D-01  7.139D+00  1.856D+04
  657  658     0     0  con    0  1.0D+00  5.7D-02  6.237D+00  1.856D+04
  658  659     0     0  con    0  1.0D+00  1.5D-01  6.173D+00  1.855D+04
  659  660     0     0  con    0  1.0D+00  5.6D-02  5.483D+00  1.855D+04
  660  661     0     0  con    0  1.0D+00  7.0D-02  6.138D+00  1.855D+04
  661  662     0     0  con    0  1.0D+00  2.1D-01  8.914D+00  1.855D+04
  662  663     0     0  con    0  1.0D+00  1.7D-01  8.035D+00  1.854D+04
  663  664     0     0  con    0  1.0D+00  9.7D-03  5.488D+00  1.854D+04
  664  665     0     0  con    0  1.0D+00  5.3D-02  7.152D+00  1.854D+04
  665  666     0     0  con    0  1.0D+00  9.5D-02  5.783D+00  1.854D+04
  666  667     0     0  con    0  1.0D+00  2.9D-01  6.775D+00  1.853D+04
  667  668     0     0  con    0  1.0D+00  1.6D-01  4.226D+00  1.853D+04
  668  669     0     0  con    0  1.0D+00  6.3D-02  4.236D+00  1.853D+04
  669  670     0     0  con    0  1.0D+00  1.8D-01  5.215D+00  1.853D+04
  670  671     0     0  con    0  1.0D+00  1.1D-01  5.439D+00  1.853D+04
  671  672     0     0  con    0  1.0D+00  6.8D-02  6.036D+00  1.852D+04
  672  673     0     0  con    0  1.0D+00  3.7D-01  5.994D+00  1.852D+04
  673  674     0     0  con    0  1.0D+00  2.2D-01  8.505D+00  1.852D+04
  674  675     0     0  con    0  1.0D+00  3.1D-02  5.326D+00  1.852D+04
  675  676     0     0  con    0  1.0D+00  4.4D-02  6.969D+00  1.851D+04
  676  677     0     0  con    0  1.0D+00  1.1D-01  4.966D+00  1.851D+04
  677  678     0     0  con    0  1.0D+00  4.1D-01  7.891D+00  1.851D+04
  678  679     0     0  con    0  1.0D+00  2.0D-01  4.300D+00  1.851D+04
  679  680     0     0  con    0  1.0D+00  5.0D-02  3.642D+00  1.850D+04
  680  681     0     0  con    0  1.0D+00  1.6D-01  4.918D+00  1.850D+04
  681  682     0     0  con    0  1.0D+00  1.4D-01  8.557D+00  1.850D+04
  682  683     0     0  con    0  1.0D+00  1.0D-01  8.076D+00  1.850D+04
  683  684     0     0  con    0  1.0D+00  3.1D-01  5.065D+00  1.849D+04
  684  685     0     0  con    0  1.0D+00  1.3D-01  4.855D+00  1.849D+04
  685  686     0     0  con    0  1.0D+00  1.1D-01  5.041D+00  1.849D+04
  686  687     0     0  con    0  1.0D+00  4.1D-01  8.715D+00  1.849D+04
  687  688     0     0  con    0  1.0D+00  1.6D-01  5.945D+00  1.848D+04
  688  689     0     0  con    0  1.0D+00  9.5D-03  3.847D+00  1.848D+04
  689  690     0     0  con    0  1.0D+00  1.4D-01  4.425D+00  1.848D+04
  690  691     0     0  con    0  1.0D+00  2.1D-01  5.451D+00  1.848D+04
  691  692     0     0  con    0  1.0D+00  4.6D-01  3.708D+00  1.847D+04
  692  693     0     0  con    0  1.0D+00  3.2D-01  5.798D+00  1.847D+04
  693  694     0     0  con    0  1.0D+00  1.1D-01  4.164D+00  1.847D+04
  694  695     0     0  con    0  1.0D+00  2.0D-01  5.312D+00  1.847D+04
  695  696     0     0  con    0  1.0D+00  1.1D-01  6.108D+00  1.846D+04
  696  697     0     0  con    0  1.0D+00  7.9D-02  4.832D+00  1.846D+04
  697  698     0     0  con    0  1.0D+00  3.8D-01  5.281D+00  1.846D+04
  698  699     0     0  con    0  1.0D+00  1.4D-01  5.898D+00  1.846D+04
  699  700     0     0  con    0  1.0D+00  1.0D-01  6.592D+00  1.845D+04
  700  701     0     0  con    0  1.0D+00  4.0D-01  7.809D+00  1.845D+04
  701  702     0     0  con    0  1.0D+00  1.5D-01  7.303D+00  1.845D+04
  702  703     0     0  con    0  1.0D+00  4.4D-02  6.741D+00  1.845D+04
  703  704     0     0  con    0  1.0D+00  1.7D-01  7.292D+00  1.844D+04
  704  705     0     0  con    0  1.0D+00  1.1D-01  5.706D+00  1.844D+04
  705  706     0     0  con    0  1.0D+00  1.1D-01  5.864D+00  1.844D+04
  706  707     0     0  con    0  1.0D+00  3.1D-01  6.371D+00  1.843D+04
  707  708     0     0  con    0  1.0D+00  1.8D-01  8.123D+00  1.843D+04
  708  709     0     0  con    0  1.0D+00  1.3D-02  5.309D+00  1.843D+04
  709  710     0     0  con    0  1.0D+00  4.5D-02  7.843D+00  1.843D+04
  710  711     0     0  con    0  1.0D+00  1.0D-01  5.237D+00  1.843D+04
  711  712     0     0  con    0  1.0D+00  2.5D-01  3.809D+00  1.842D+04
  712  713     0     0  con    0  1.0D+00  2.4D-01  5.996D+00  1.842D+04
  713  714     0     0  con    0  1.0D+00  1.8D-01  3.474D+00  1.842D+04
  714  715     0     0  con    0  1.0D+00  1.9D-01  4.960D+00  1.842D+04
  715  716     0     0  con    0  1.0D+00  1.2D-01  4.077D+00  1.841D+04
  716  717     0     0  con    0  1.0D+00  7.4D-02  4.177D+00  1.841D+04
  717  718     0     0  con    0  1.0D+00  2.1D-01  6.567D+00  1.841D+04
  718  719     0     0  con    0  1.0D+00  1.4D-01  9.392D+00  1.841D+04
  719  720     0     0  con    0  1.0D+00  1.0D-01  6.550D+00  1.840D+04
  720  721     0     0  con    0  1.0D+00  3.1D-01  6.900D+00  1.840D+04
  721  722     0     0  con    0  1.0D+00  2.0D-01  1.075D+01  1.840D+04
  722  723     0     0  con    0  1.0D+00  4.1D-02  8.644D+00  1.840D+04
  723  724     0     0  con    0  1.0D+00  1.2D-01  8.456D+00  1.839D+04
  724  725     0     0  con    0  1.0D+00  6.9D-02  4.076D+00  1.839D+04
  725  726     0     0  con    0  1.0D+00  1.2D-01  8.542D+00  1.839D+04
  726  727     0     0  con    0  1.0D+00  1.2D-01  5.575D+00  1.839D+04
  727  728     0     0  con    0  1.0D+00  1.2D-01  4.990D+00  1.838D+04
  728  729     0     0  con    0  1.0D+00  7.1D-02  3.506D+00  1.838D+04
  729  730     0     0  con    0  1.0D+00  1.3D-01  5.470D+00  1.838D+04
  730  731     0     0  con    0  1.0D+00  1.8D-01  6.674D+00  1.838D+04
  731  732     0     0  con    0  1.0D+00  1.3D-01  5.241D+00  1.838D+04
  732  733     0     0  con    0  1.0D+00  2.7D-01  5.731D+00  1.837D+04
  733  734     0     0  con    0  1.0D+00  1.2D-01  3.651D+00  1.837D+04
  734  735     0     0  con    0  1.0D+00  1.4D-01  4.308D+00  1.837D+04
  735  736     0     0  con    0  1.0D+00  3.3D-01  5.996D+00  1.837D+04
  736  737     0     0  con    0  1.0D+00  2.5D-01  6.751D+00  1.836D+04
  737  738     0     0  con    0  1.0D+00  1.3D-02  5.322D+00  1.836D+04
  738  739     0     0  con    0  1.0D+00  7.8D-02  9.082D+00  1.836D+04
  739  740     0     0  con    0  1.0D+00  1.3D-01  4.512D+00  1.836D+04
  740  741     0     0  con    0  1.0D+00  2.7D-01  4.656D+00  1.835D+04
  741  742     0     0  con    0  1.0D+00  3.4D-01  7.023D+00  1.835D+04
  742  743     0     0  con    0  1.0D+00  1.3D-01  4.145D+00  1.835D+04
  743  744     0     0  con    0  1.0D+00  1.3D-01  7.629D+00  1.835D+04
  744  745     0     0  con    0  1.0D+00  1.1D-01  4.804D+00  1.834D+04
  745  746     0     0  con    0  1.0D+00  1.8D-01  5.062D+00  1.834D+04
  746  747     0     0  con    0  1.0D+00  2.3D-01  5.527D+00  1.834D+04
  747  748     0     0  con    0  1.0D+00  1.8D-01  4.371D+00  1.834D+04
  748  749     0     0  con    0  1.0D+00  3.3D-01  4.921D+00  1.833D+04
  749  750     0     0  con    0  1.0D+00  2.6D-01  5.519D+00  1.833D+04
  750  751     0     0  con    0  1.0D+00  9.2D-02  4.305D+00  1.833D+04
  751  752     0     0  con    0  1.0D+00  2.4D-01  6.364D+00  1.833D+04
  752  753     0     0  con    0  1.0D+00  1.6D-01  6.358D+00  1.833D+04
  753  754     0     0  con    0  1.0D+00  1.5D-01  6.848D+00  1.832D+04
  754  755     0     0  con    0  1.0D+00  4.7D-01  9.677D+00  1.832D+04
  755  756     0     0  con    0  1.0D+00  1.4D-01  8.408D+00  1.832D+04
  756  757     0     0  con    0  1.0D+00  1.3D-02  6.279D+00  1.832D+04
  757  758     0     0  con    0  1.0D+00  1.2D-01  6.441D+00  1.831D+04
  758  759     0     0  con    0  1.0D+00  1.8D-01  9.521D+00  1.831D+04
  759  760     0     0  con    0  1.0D+00  2.7D-01  8.625D+00  1.831D+04
  760  761     0     0  con    0  1.0D+00  5.5D-01  8.453D+00  1.830D+04
  761  762     0     0  con    0  1.0D+00  9.1D-02  5.694D+00  1.830D+04
  762  763     0     0  con    0  1.0D+00  1.8D-02  4.534D+00  1.830D+04
  763  764     0     0  con    0  1.0D+00  7.9D-02  5.212D+00  1.830D+04
  764  765     0     0  con    0  1.0D+00  3.4D-01  9.177D+00  1.829D+04
  765  766     0     0  con    0  1.0D+00  2.0D-01  5.497D+00  1.829D+04
  766  767     0     0  con    0  1.0D+00  3.5D-01  7.281D+00  1.829D+04
  767  768     0     0  con    0  1.0D+00  2.4D-01  4.860D+00  1.829D+04
  768  769     0     0  con    0  1.0D+00  4.2D-01  4.657D+00  1.828D+04
  769  770     0     0  con    0  1.0D+00  2.4D-01  4.950D+00  1.828D+04
  770  771     0     0  con    0  1.0D+00  1.1D-01  4.659D+00  1.828D+04
  771  772     0     0  con    0  1.0D+00  2.2D-01  7.223D+00  1.828D+04
  772  773     0     0  con    0  1.0D+00  1.5D-01  1.053D+01  1.827D+04
  773  774     0     0  con    0  1.0D+00  1.0D-01  7.859D+00  1.827D+04
  774  775     0     0  con    0  1.0D+00  4.4D-01  4.501D+00  1.827D+04
  775  776     0     0  con    0  1.0D+00  2.8D-01  8.049D+00  1.827D+04
  776  777     0     0  con    0  1.0D+00  1.1D-01  6.894D+00  1.826D+04
  777  778     0     0  con    0  1.0D+00  3.6D-01  7.337D+00  1.826D+04
  778  779     0     0  con    0  1.0D+00  1.8D-01  5.019D+00  1.826D+04
  779  780     0     0  con    0  1.0D+00  2.1D-01  6.197D+00  1.826D+04
  780  781     0     0  con    0  1.0D+00  3.6D-01  5.516D+00  1.825D+04
  781  782     0     0  con    0  1.0D+00  1.7D-01  6.766D+00  1.825D+04
  782  783     0     0  con    0  1.0D+00  1.0D-01  5.284D+00  1.825D+04
  783  784     0     0  con    0  1.0D+00  2.3D-01  5.720D+00  1.824D+04
  784  785     0     0  con    0  1.0D+00  2.9D-01  8.050D+00  1.824D+04
  785  786     0     0  con    0  1.0D+00  2.3D-01  5.561D+00  1.824D+04
  786  787     0     0  con    0  1.0D+00  4.5D-01  6.209D+00  1.824D+04
  787  788     0     0  con    0  1.0D+00  2.6D-01  6.912D+00  1.823D+04
  788  789     0     0  con    0  1.0D+00  1.7D-01  7.190D+00  1.823D+04
  789  790     0     0  con    0  1.0D+00  4.6D-01  1.057D+01  1.823D+04
  790  791     0     0  con    0  1.0D+00  1.8D-01  9.181D+00  1.822D+04
  791  792     0     0  con    0  1.0D+00  4.1D-02  8.205D+00  1.822D+04
  792  793     0     0  con    0  1.0D+00  2.3D-01  4.313D+00  1.822D+04
  793  794     0     0  con    0  1.0D+00  2.1D-01  6.836D+00  1.822D+04
  794  795     0     0  con    0  1.0D+00  1.5D-01  6.999D+00  1.822D+04
  795  796     0     0  con    0  1.0D+00  5.3D-01  6.173D+00  1.821D+04
  796  797     0     0  con    0  1.0D+00  1.3D-01  6.039D+00  1.821D+04
  797  798     0     0  con    0  1.0D+00  7.2D-02  6.932D+00  1.821D+04
  798  799     0     0  con    0  1.0D+00  2.6D-01  9.890D+00  1.820D+04
  799  800     0     0  con    0  1.0D+00  1.8D-01  5.551D+00  1.820D+04
  800  801     0     0  con    0  1.0D+00  8.3D-02  5.889D+00  1.820D+04
  801  802     0     0  con    0  1.0D+00  3.4D-01  4.940D+00  1.819D+04
  802  803     0     0  con    0  1.0D+00  3.3D-01  6.978D+00  1.819D+04
  803  804     0     0  con    0  1.0D+00  2.1D-01  5.215D+00  1.819D+04
  804  805     0     0  con    0  1.0D+00  4.5D-01  8.218D+00  1.819D+04
  805  806     0     0  con    0  1.0D+00  2.1D-01  8.196D+00  1.818D+04
  806  807     0     0  con    0  1.0D+00  1.9D-01  4.643D+00  1.818D+04
  807  808     0     0  con    0  1.0D+00  3.0D-01  6.530D+00  1.818D+04
  808  809     0     0  con    0  1.0D+00  2.3D-01  6.100D+00  1.818D+04
  809  810     0     0  con    0  1.0D+00  2.2D-01  6.178D+00  1.817D+04
  810  811     0     0  con    0  1.0D+00  3.9D-01  6.085D+00  1.817D+04
  811  812     0     0  con    0  1.0D+00  3.0D-01  5.112D+00  1.817D+04
  812  813     0     0  con    0  1.0D+00  1.5D-01  5.097D+00  1.816D+04
  813  814     0     0  con    0  1.0D+00  3.7D-01  7.664D+00  1.816D+04
  814  815     0     0  con    0  1.0D+00  2.0D-01  6.673D+00  1.816D+04
  815  816     0     0  con    0  1.0D+00  5.3D-02  6.008D+00  1.816D+04
  816  817     0     0  con    0  1.0D+00  2.2D-01  6.457D+00  1.815D+04
  817  818     0     0  con    0  1.0D+00  1.1D-01  8.309D+00  1.815D+04
  818  819     0     0  con    0  1.0D+00  7.4D-02  7.486D+00  1.815D+04
  819  820     0     0  con    0  1.0D+00  3.3D-01  9.808D+00  1.814D+04
  820  821     0     0  con    0  1.0D+00  7.5D-02  1.200D+01  1.814D+04
  821  822     0     0  con    0  1.0D+00  1.8D-02  1.062D+01  1.814D+04
  822  823     0     0  con    0  1.0D+00  1.7D-01  1.670D+01  1.814D+04
  823  824     0     0  con    0  1.0D+00  1.1D-01  6.683D+00  1.814D+04
  824  825     0     0  con    0  1.0D+00  1.3D-01  1.111D+01  1.813D+04
  825  826     0     0  con    0  1.0D+00  1.7D-01  1.088D+01  1.813D+04
  826  827     0     0  con    0  1.0D+00  3.9D-01  1.059D+01  1.813D+04
  827  828     0     0  con    0  1.0D+00  3.3D-01  8.236D+00  1.812D+04
  828  829     0     0  con    0  1.0D+00  1.5D-02  5.977D+00  1.812D+04
  829  830     0     0  con    0  1.0D+00  7.5D-02  8.277D+00  1.812D+04
  830  831     0     0  con    0  1.0D+00  1.7D-01  4.450D+00  1.812D+04
  831  832     0     0  con    0  1.0D+00  4.4D-01  3.213D+00  1.811D+04
  832  833     0     0  con    0  1.0D+00  4.0D-01  9.599D+00  1.811D+04
  833  834     0     0  con    0  1.0D+00  1.7D-01  8.902D+00  1.811D+04
  834  835     0     0  con    0  1.0D+00  2.6D-01  6.702D+00  1.811D+04
  835  836     0     0  con    0  1.0D+00  1.5D-01  5.213D+00  1.810D+04
  836  837     0     0  con    0  1.0D+00  2.1D-01  4.901D+00  1.810D+04
  837  838     0     0  con    0  1.0D+00  3.5D-01  1.243D+01  1.810D+04
  838  839     0     0  con    0  1.0D+00  1.6D-01  3.691D+00  1.810D+04
  839  840     0     0  con    0  1.0D+00  2.0D-01  6.297D+00  1.809D+04
  840  841     0     0  con    0  1.0D+00  2.4D-01  1.137D+01  1.809D+04
  841  842     0     0  con    0  1.0D+00  3.1D-01  5.133D+00  1.809D+04
  842  843     0     0  con    0  1.0D+00  2.2D-01  6.686D+00  1.809D+04
  843  844     0     0  con    0  1.0D+00  2.2D-01  5.300D+00  1.808D+04
  844  845     0     0  con    0  1.0D+00  1.4D-01  8.584D+00  1.808D+04
  845  846     0     0  con    0  1.0D+00  2.1D-01  5.010D+00  1.808D+04
  846  847     0     0  con    0  1.0D+00  1.6D-01  5.477D+00  1.807D+04
  847  848     0     0  con    0  1.0D+00  1.5D-01  5.521D+00  1.807D+04
  848  849     0     0  con    0  1.0D+00  2.4D-01  7.650D+00  1.807D+04
  849  850     0     0  con    0  1.0D+00  1.8D-01  6.518D+00  1.807D+04
  850  851     0     0  con    0  1.0D+00  8.0D-02  4.557D+00  1.806D+04
  851  852     0     0  con    0  1.0D+00  1.5D-01  5.234D+00  1.806D+04
  852  853     0     0  con    0  1.0D+00  1.7D-01  7.295D+00  1.806D+04
  853  854     0     0  con    0  1.0D+00  1.1D-01  7.002D+00  1.806D+04
  854  855     0     0  con    0  1.0D+00  2.4D-01  5.825D+00  1.805D+04
  855  856     0     0  con    0  1.0D+00  9.0D-02  7.187D+00  1.805D+04
  856  857     0     0  con    0  1.0D+00  6.7D-02  6.421D+00  1.805D+04
  857  858     0     0  con    0  1.0D+00  2.3D-01  6.573D+00  1.805D+04
  858  859     0     0  con    0  1.0D+00  1.4D-01  7.794D+00  1.804D+04
  859  860     0     0  con    0  1.0D+00  3.7D-02  7.318D+00  1.804D+04
  860  861     0     0  con    0  1.0D+00  1.6D-01  5.918D+00  1.804D+04
  861  862     0     0  con    0  1.0D+00  1.1D-01  5.823D+00  1.804D+04
  862  863     0     0  con    0  1.0D+00  1.5D-01  4.634D+00  1.804D+04
  863  864     0     0  con    0  1.0D+00  2.5D-01  6.184D+00  1.803D+04
  864  865     0     0  con    0  1.0D+00  1.9D-01  5.043D+00  1.803D+04
  865  866     0     0  con    0  1.0D+00  4.8D-02  5.479D+00  1.803D+04
  866  867     0     0  con    0  1.0D+00  1.1D-01  5.819D+00  1.803D+04
  867  868     0     0  con    0  1.0D+00  1.6D-01  7.474D+00  1.802D+04
  868  869     0     0  con    0  1.0D+00  1.5D-01  7.023D+00  1.802D+04
  869  870     0     0  con    0  1.0D+00  3.9D-01  8.885D+00  1.802D+04
  870  871     0     0  con    0  1.0D+00  1.3D-01  5.663D+00  1.802D+04
  871  872     0     0  con    0  1.0D+00  7.6D-02  4.914D+00  1.801D+04
  872  873     0     0  con    0  1.0D+00  2.1D-01  7.007D+00  1.801D+04
  873  874     0     0  con    0  1.0D+00  2.2D-01  1.004D+01  1.801D+04
  874  875     0     0  con    0  1.0D+00  6.8D-02  9.511D+00  1.801D+04
  875  876     0     0  con    0  1.0D+00  1.8D-01  7.225D+00  1.800D+04
  876  877     0     0  con    0  1.0D+00  1.3D-01  4.116D+00  1.800D+04
  877  878     0     0  con    0  1.0D+00  2.4D-01  6.683D+00  1.800D+04
  878  879     0     0  con    0  1.0D+00  2.8D-01  9.212D+00  1.800D+04
  879  880     0     0  con    0  1.0D+00  1.4D-01  4.834D+00  1.799D+04
  880  881     0     0  con    0  1.0D+00  1.2D-01  7.675D+00  1.799D+04
  881  882     0     0  con    0  1.0D+00  1.2D-01  8.155D+00  1.799D+04
  882  883     0     0  con    0  1.0D+00  2.0D-01  5.799D+00  1.799D+04
  883  884     0     0  con    0  1.0D+00  2.5D-01  8.591D+00  1.799D+04
  884  885     0     0  con    0  1.0D+00  1.0D-01  4.671D+00  1.798D+04
  885  886     0     0  con    0  1.0D+00  2.0D-01  7.947D+00  1.798D+04
  886  887     0     0  con    0  1.0D+00  1.8D-01  6.956D+00  1.798D+04
  887  888     0     0  con    0  1.0D+00  2.5D-01  3.515D+00  1.798D+04
  888  889     0     0  con    0  1.0D+00  2.3D-01  6.557D+00  1.797D+04
  889  890     0     0  con    0  1.0D+00  9.4D-02  4.766D+00  1.797D+04
  890  891     0     0  con    0  1.0D+00  1.0D-01  4.824D+00  1.797D+04
  891  892     0     0  con    0  1.0D+00  1.2D-01  8.214D+00  1.797D+04
  892  893     0     0  con    0  1.0D+00  1.2D-01  4.564D+00  1.796D+04
  893  894     0     0  con    0  1.0D+00  2.9D-01  6.879D+00  1.796D+04
  894  895     0     0  con    0  1.0D+00  1.4D-01  7.429D+00  1.796D+04
  895  896     0     0  con    0  1.0D+00  7.3D-02  5.883D+00  1.796D+04
  896  897     0     0  con    0  1.0D+00  1.7D-01  1.151D+01  1.796D+04
  897  898     0     0  con    0  1.0D+00  1.7D-01  9.874D+00  1.795D+04
  898  899     0     0  con    0  1.0D+00  9.8D-02  9.294D+00  1.795D+04
  899  900     0     0  con    0  1.0D+00  3.9D-01  6.399D+00  1.795D+04
  900  901     0     0  con    0  1.0D+00  1.9D-01  9.183D+00  1.795D+04
  901  902     0     0  con    0  1.0D+00  8.1D-03  8.309D+00  1.794D+04
  902  903     0     0  con    0  1.0D+00  9.0D-02  6.843D+00  1.794D+04
  903  904     0     0  con    0  1.0D+00  1.5D-01  4.134D+00  1.794D+04
  904  905     0     0  con    0  1.0D+00  4.2D-01  6.143D+00  1.794D+04
  905  906     0     0  con    0  1.0D+00  2.1D-01  5.990D+00  1.793D+04
  906  907     0     0  con    0  1.0D+00  9.3D-02  6.847D+00  1.793D+04
  907  908     0     0  con    0  1.0D+00  1.7D-01  6.720D+00  1.793D+04
  908  909     0     0  con    0  1.0D+00  1.7D-01  8.095D+00  1.793D+04
  909  910     0     0  con    0  1.0D+00  1.2D-01  8.041D+00  1.793D+04
  910  911     0     0  con    0  1.0D+00  3.9D-01  5.663D+00  1.792D+04
  911  912     0     0  con    0  1.0D+00  2.0D-01  8.665D+00  1.792D+04
  912  913     0     0  con    0  1.0D+00  1.2D-01  6.128D+00  1.792D+04
  913  914     0     0  con    0  1.0D+00  3.9D-01  6.801D+00  1.791D+04
  914  915     0     0  con    0  1.0D+00  1.1D-01  6.790D+00  1.791D+04
  915  916     0     0  con    0  1.0D+00  8.8D-02  6.776D+00  1.791D+04
  916  917     0     0  con    0  1.0D+00  3.4D-01  1.064D+01  1.791D+04
  917  918     0     0  con    0  1.0D+00  2.8D-01  1.135D+01  1.791D+04
  918  919     0     0  con    0  1.0D+00  5.8D-02  7.455D+00  1.790D+04
  919  920     0     0  con    0  1.0D+00  1.6D-01  6.751D+00  1.790D+04
  920  921     0     0  con    0  1.0D+00  1.4D-01  4.675D+00  1.790D+04
  921  922     0     0  con    0  1.0D+00  3.3D-01  7.036D+00  1.790D+04
  922  923     0     0  con    0  1.0D+00  1.9D-01  6.058D+00  1.789D+04
  923  924     0     0  con    0  1.0D+00  1.4D-01  4.821D+00  1.789D+04
  924  925     0     0  con    0  1.0D+00  2.7D-01  1.038D+01  1.789D+04
  925  926     0     0  con    0  1.0D+00  1.2D-01  5.853D+00  1.789D+04
  926  927     0     0  con    0  1.0D+00  7.8D-02  6.904D+00  1.788D+04
  927  928     0     0  con    0  1.0D+00  2.8D-01  5.148D+00  1.788D+04
  928  929     0     0  con    0  1.0D+00  3.3D-01  1.656D+01  1.788D+04
  929  930     0     0  con    0  1.0D+00  4.9D-02  1.209D+01  1.788D+04
  930  931     0     0  con    0  1.0D+00  1.8D-01  1.526D+01  1.788D+04
  931  932     0     0  con    0  1.0D+00  1.3D-01  9.892D+00  1.787D+04
  932  933     0     0  con    0  1.0D+00  3.1D-01  1.565D+01  1.787D+04
  933  934     0     0  con    0  1.0D+00  1.3D-01  1.096D+01  1.787D+04
  934  935     0     0  con    0  1.0D+00  2.4D-01  1.226D+01  1.787D+04
  935  936     0     0  con    0  1.0D+00  1.5D-01  5.349D+00  1.786D+04
  936  937     0     0  con    0  1.0D+00  1.3D-01  2.986D+00  1.786D+04
  937  938     0     0  con    0  1.0D+00  1.5D-01  6.655D+00  1.786D+04
  938  939     0     0  con    0  1.0D+00  1.7D-01  5.706D+00  1.786D+04
  939  940     0     0  con    0  1.0D+00  1.6D-01  4.111D+00  1.786D+04
  940  941     0     0  con    0  1.0D+00  2.7D-01  6.646D+00  1.785D+04
  941  942     0     0  con    0  1.0D+00  1.9D-01  5.265D+00  1.785D+04
  942  943     0     0  con    0  1.0D+00  2.2D-01  5.091D+00  1.785D+04
  943  944     0     0  con    0  1.0D+00  2.9D-01  6.746D+00  1.785D+04
  944  945     0     0  con    0  1.0D+00  2.8D-01  6.049D+00  1.784D+04
  945  946     0     0  con    0  1.0D+00  1.4D-01  6.571D+00  1.784D+04
  946  947     0     0  con    0  1.0D+00  1.2D-01  6.613D+00  1.784D+04
  947  948     0     0  con    0  1.0D+00  1.4D-01  1.047D+01  1.784D+04
  948  949     0     0  con    0  1.0D+00  1.2D-01  5.096D+00  1.783D+04
  949  950     0     0  con    0  1.0D+00  1.9D-01  5.604D+00  1.783D+04
  950  951     0     0  con    0  1.0D+00  1.6D-01  9.547D+00  1.783D+04
  951  952     0     0  con    0  1.0D+00  8.6D-02  4.711D+00  1.783D+04
  952  953     0     0  con    0  1.0D+00  1.7D-01  7.125D+00  1.782D+04
  953  954     0     0  con    0  1.0D+00  9.2D-02  6.860D+00  1.782D+04
  954  955     0     0  con    0  1.0D+00  9.0D-02  6.331D+00  1.782D+04
  955  956     0     0  con    0  1.0D+00  2.3D-01  9.168D+00  1.782D+04
  956  957     0     0  con    0  1.0D+00  1.3D-01  1.298D+01  1.781D+04
  957  958     0     0  con    0  1.0D+00  1.2D-02  9.100D+00  1.781D+04
  958  959     0     0  con    0  1.0D+00  6.8D-02  1.102D+01  1.781D+04
  959  960     0     0  con    0  1.0D+00  6.6D-02  5.408D+00  1.781D+04
  960  961     0     0  con    0  1.0D+00  1.4D-01  4.811D+00  1.781D+04
  961  962     0     0  con    0  1.0D+00  1.2D-01  7.545D+00  1.781D+04
  962  963     0     0  con    0  1.0D+00  6.1D-02  4.722D+00  1.780D+04
  963  964     0     0  con    0  1.0D+00  7.2D-02  6.229D+00  1.780D+04
  964  965     0     0  con    0  1.0D+00  7.2D-02  7.739D+00  1.780D+04
  965  966     0     0  con    0  1.0D+00  1.3D-01  6.279D+00  1.780D+04
  966  967     0     0  con    0  1.0D+00  2.2D-01  6.799D+00  1.780D+04
  967  968     0     0  con    0  1.0D+00  9.1D-02  4.759D+00  1.779D+04
  968  969     0     0  con    0  1.0D+00  1.3D-01  6.200D+00  1.779D+04
  969  970     0     0  con    0  1.0D+00  1.7D-01  5.987D+00  1.779D+04
  970  971     0     0  con    0  1.0D+00  2.3D-01  6.615D+00  1.779D+04
  971  972     0     0  con    0  1.0D+00  1.5D-01  5.926D+00  1.778D+04
  972  973     0     0  con    0  1.0D+00  8.8D-02  4.862D+00  1.778D+04
  973  974     0     0  con    0  1.0D+00  1.2D-01  6.603D+00  1.778D+04
  974  975     0     0  con    0  1.0D+00  1.6D-01  9.893D+00  1.778D+04
  975  976     0     0  con    0  1.0D+00  7.7D-02  3.379D+00  1.778D+04
  976  977     0     0  con    0  1.0D+00  1.2D-01  5.790D+00  1.778D+04
  977  978     0     0  con    0  1.0D+00  1.2D-01  1.180D+01  1.777D+04
  978  979     0     0  con    0  1.0D+00  1.4D-01  8.582D+00  1.777D+04
  979  980     0     0  con    0  1.0D+00  2.2D-01  1.006D+01  1.777D+04
  980  981     0     0  con    0  1.0D+00  8.4D-02  4.520D+00  1.777D+04
  981  982     0     0  con    0  1.0D+00  3.4D-02  4.199D+00  1.777D+04
  982  983     0     0  con    0  1.0D+00  1.7D-01  8.467D+00  1.776D+04
  983  984     0     0  con    0  1.0D+00  2.5D-01  1.149D+01  1.776D+04
  984  985     0     0  con    0  1.0D+00  8.0D-02  1.055D+01  1.776D+04
  985  986     0     0  con    0  1.0D+00  1.9D-01  1.092D+01  1.776D+04
  986  987     0     0  con    0  1.0D+00  1.3D-01  6.253D+00  1.776D+04
  987  988     0     0  con    0  1.0D+00  1.7D-01  6.052D+00  1.775D+04
  988  989     0     0  con    0  1.0D+00  2.4D-01  9.856D+00  1.775D+04
  989  990     0     0  con    0  1.0D+00  1.9D-01  6.947D+00  1.775D+04
  990  991     0     0  con    0  1.0D+00  4.3D-02  4.144D+00  1.775D+04
  991  992     0     0  con    0  1.0D+00  8.7D-02  7.535D+00  1.775D+04
  992  993     0     0  con    0  1.0D+00  1.4D-01  9.590D+00  1.774D+04
  993  994     0     0  con    0  1.0D+00  2.0D-01  8.206D+00  1.774D+04
  994  995     0     0  con    0  1.0D+00  4.2D-01  9.467D+00  1.774D+04
  995  996     0     0  con    0  1.0D+00  1.5D-01  6.575D+00  1.774D+04
  996  997     0     0  con    0  1.0D+00  3.1D-02  4.599D+00  1.774D+04
  997  998     0     0  con    0  1.0D+00  1.3D-01  4.350D+00  1.773D+04
  998  999     0     0  con    0  1.0D+00  2.3D-01  1.074D+01  1.773D+04
  999 1000     0     0  con    0  1.0D+00  1.0D-01  9.688D+00  1.773D+04
 1000 1001     0     0  con    0  1.0D+00  2.2D-01  6.205D+00  1.773D+04

STOP: TOTAL NO. of f AND g EVALUATIONS EXCEEDS LIMIT        

 Total User time 1.307E+03 seconds.

RUNNING THE L-BFGS-B CODE

it    = iteration number
nf    = number of function evaluations
nseg  = number of segments explored during the Cauchy search
nact  = number of active bounds at the generalized Cauchy point
sub   = manner in which the subspace minimization terminated:
